0 124 0.05 0.5 0
124 0 0.05 0.5 0
1 123 0.05 0.5 0
123 1 0.05 0.5 0
2 122 0.05 0.5 0
122 2 0.05 0.5 0
3 121 0.05 0.5 0
121 3 0.05 0.5 0
4 120 0.05 0.5 0
120 4 0.05 0.5 0
5 119 0.05 0.5 0
119 5 0.05 0.5 0
6 118 0.05 0.5 0
118 6 0.05 0.5 0
7 117 0.05 0.5 0
117 7 0.05 0.5 0
8 116 0.05 0.5 0
116 8 0.05 0.5 0
9 115 0.05 0.5 0
115 9 0.05 0.5 0
10 114 0.05 0.5 0
114 10 0.05 0.5 0
11 113 0.05 0.5 0
113 11 0.05 0.5 0
12 112 0.05 0.5 0
112 12 0.05 0.5 0
13 111 0.05 0.5 0
111 13 0.05 0.5 0
14 110 0.05 0.5 0
110 14 0.05 0.5 0
15 109 0.05 0.5 0
109 15 0.05 0.5 0
16 108 0.05 0.5 0
108 16 0.05 0.5 0
17 107 0.05 0.5 0
107 17 0.05 0.5 0
18 106 0.05 0.5 0
106 18 0.05 0.5 0
19 105 0.05 0.5 0
105 19 0.05 0.5 0
20 104 0.05 0.5 0
104 20 0.05 0.5 0
21 103 0.05 0.5 0
103 21 0.05 0.5 0
22 102 0.05 0.5 0
102 22 0.05 0.5 0
23 101 0.05 0.5 0
101 23 0.05 0.5 0
24 100 0.05 0.5 0
100 24 0.05 0.5 0
75 149 0.05 0.5 0
149 75 0.05 0.5 0
76 148 0.05 0.5 0
148 76 0.05 0.5 0
77 147 0.05 0.5 0
147 77 0.05 0.5 0
78 146 0.05 0.5 0
146 78 0.05 0.5 0
79 145 0.05 0.5 0
145 79 0.05 0.5 0
80 144 0.05 0.5 0
144 80 0.05 0.5 0
81 143 0.05 0.5 0
143 81 0.05 0.5 0
82 142 0.05 0.5 0
142 82 0.05 0.5 0
83 141 0.05 0.5 0
141 83 0.05 0.5 0
84 140 0.05 0.5 0
140 84 0.05 0.5 0
85 139 0.05 0.5 0
139 85 0.05 0.5 0
86 138 0.05 0.5 0
138 86 0.05 0.5 0
87 137 0.05 0.5 0
137 87 0.05 0.5 0
88 136 0.05 0.5 0
136 88 0.05 0.5 0
89 135 0.05 0.5 0
135 89 0.05 0.5 0
90 134 0.05 0.5 0
134 90 0.05 0.5 0
91 133 0.05 0.5 0
133 91 0.05 0.5 0
92 132 0.05 0.5 0
132 92 0.05 0.5 0
93 131 0.05 0.5 0
131 93 0.05 0.5 0
94 130 0.05 0.5 0
130 94 0.05 0.5 0
95 129 0.05 0.5 0
129 95 0.05 0.5 0
96 128 0.05 0.5 0
128 96 0.05 0.5 0
97 127 0.05 0.5 0
127 97 0.05 0.5 0
98 126 0.05 0.5 0
126 98 0.05 0.5 0
99 125 0.05 0.5 0
125 99 0.05 0.5 0
