0 18.0 -8.75 21.0 0.005 0.0 0.0 0.0 0.0
1 18.0 -8.75 21.0 0.005 0.0 0.0 0.0 0.0
2 18.0 -8.75 21.0 0.005 0.0 0.0 0.0 0.0
3 18.0 -8.75 21.0 0.005 0.0 0.0 0.0 0.0
4 18.0 -8.75 21.0 0.005 0.0 0.0 0.0 0.0
5 18.0 -8.75 21.0 0.005 0.0 0.0 0.0 0.0
6 18.0 -8.75 21.0 0.005 0.0 0.0 0.0 0.0
7 18.0 -8.75 21.0 0.005 0.0 0.0 0.0 0.0
8 18.0 -8.75 21.0 0.005 0.0 0.0 0.0 0.0
9 18.0 -8.75 21.0 0.005 0.0 0.0 0.0 0.0
10 18.0 -8.75 21.0 0.005 0.0 0.0 0.0 0.0
11 18.0 -8.75 21.0 0.005 0.0 0.0 0.0 0.0
12 18.0 -8.75 21.0 0.005 0.0 0.0 0.0 0.0
13 18.0 -8.75 21.0 0.005 0.0 0.0 0.0 0.0
14 18.0 -8.75 21.0 0.005 0.0 0.0 0.0 0.0
15 18.0 -8.75 21.0 0.005 0.0 0.0 0.0 0.0
16 18.0 -8.75 21.0 0.005 0.0 0.0 0.0 0.0
17 18.0 -8.75 21.0 0.005 0.0 0.0 0.0 0.0
18 18.0 -8.75 21.0 0.005 0.0 0.0 0.0 0.0
19 18.0 -8.75 21.0 0.005 0.0 0.0 0.0 0.0
20 18.0 -8.75 21.0 0.005 0.0 0.0 0.0 0.0
21 18.0 -8.75 21.0 0.005 0.0 0.0 0.0 0.0
22 18.0 -8.75 21.0 0.005 0.0 0.0 0.0 0.0
23 18.0 -8.75 21.0 0.005 0.0 0.0 0.0 0.0
24 18.0 -8.75 21.0 0.005 0.0 0.0 0.0 0.0
25 18.0 -8.75 21.0 0.005 0.0 0.0 0.0 0.0
26 18.0 -8.75 21.0 0.005 0.0 0.0 0.0 0.0
27 18.0 -8.75 21.0 0.005 0.0 0.0 0.0 0.0
28 18.0 -8.75 21.0 0.005 0.0 0.0 0.0 0.0
29 18.0 -8.75 21.0 0.005 0.0 0.0 0.0 0.0
30 18.0 -8.75 21.0 0.005 0.0 0.0 0.0 0.0
31 18.0 -8.75 21.0 0.005 0.0 0.0 0.0 0.0
32 18.0 -8.75 21.0 0.005 0.0 0.0 0.0 0.0
33 18.0 -8.75 21.0 0.005 0.0 0.0 0.0 0.0
34 18.0 -8.75 21.0 0.005 0.0 0.0 0.0 0.0
35 18.0 -8.75 21.0 0.005 0.0 0.0 0.0 0.0
36 18.0 -8.75 21.0 0.005 0.0 0.0 0.0 0.0
37 18.0 -8.75 21.0 0.005 0.0 0.0 0.0 0.0
38 18.0 -8.75 21.0 0.005 0.0 0.0 0.0 0.0
39 18.0 -8.75 21.0 0.005 0.0 0.0 0.0 0.0
40 18.0 -8.75 21.0 0.005 0.0 0.0 0.0 0.0
41 18.0 -8.75 21.0 0.005 0.0 0.0 0.0 0.0
42 18.0 -8.75 21.0 0.005 0.0 0.0 0.0 0.0
43 18.0 -8.75 21.0 0.005 0.0 0.0 0.0 0.0
44 18.0 -8.75 21.0 0.005 0.0 0.0 0.0 0.0
45 18.0 -8.75 21.0 0.005 0.0 0.0 0.0 0.0
46 18.0 -8.75 21.0 0.005 0.0 0.0 0.0 0.0
47 18.0 -8.75 21.0 0.005 0.0 0.0 0.0 0.0
48 18.0 -8.75 21.0 0.005 0.0 0.0 0.0 0.0
49 18.0 -8.75 21.0 0.005 0.0 0.0 0.0 0.0
150 18.0 -8.75 21.0 0.005 0.0 0.0 0.0 0.0
151 18.0 -8.75 21.0 0.005 0.0 0.0 0.0 0.0
152 18.0 -8.75 21.0 0.005 0.0 0.0 0.0 0.0
153 18.0 -8.75 21.0 0.005 0.0 0.0 0.0 0.0
154 18.0 -8.75 21.0 0.005 0.0 0.0 0.0 0.0
155 18.0 -8.75 21.0 0.005 0.0 0.0 0.0 0.0
156 18.0 -8.75 21.0 0.005 0.0 0.0 0.0 0.0
157 18.0 -8.75 21.0 0.005 0.0 0.0 0.0 0.0
158 18.0 -8.75 21.0 0.005 0.0 0.0 0.0 0.0
159 18.0 -8.75 21.0 0.005 0.0 0.0 0.0 0.0
160 18.0 -8.75 21.0 0.005 0.0 0.0 0.0 0.0
161 18.0 -8.75 21.0 0.005 0.0 0.0 0.0 0.0
162 18.0 -8.75 21.0 0.005 0.0 0.0 0.0 0.0
163 18.0 -8.75 21.0 0.005 0.0 0.0 0.0 0.0
164 18.0 -8.75 21.0 0.005 0.0 0.0 0.0 0.0
165 18.0 -8.75 21.0 0.005 0.0 0.0 0.0 0.0
166 18.0 -8.75 21.0 0.005 0.0 0.0 0.0 0.0
167 18.0 -8.75 21.0 0.005 0.0 0.0 0.0 0.0
168 18.0 -8.75 21.0 0.005 0.0 0.0 0.0 0.0
169 18.0 -8.75 21.0 0.005 0.0 0.0 0.0 0.0
