0 124 0.5 0.5 0
124 0 0.5 0.5 0
1 123 0.5 0.5 0
123 1 0.5 0.5 0
2 122 0.5 0.5 0
122 2 0.5 0.5 0
3 121 0.5 0.5 0
121 3 0.5 0.5 0
4 120 0.5 0.5 0
120 4 0.5 0.5 0
5 119 0.5 0.5 0
119 5 0.5 0.5 0
6 118 0.5 0.5 0
118 6 0.5 0.5 0
7 117 0.5 0.5 0
117 7 0.5 0.5 0
8 116 0.5 0.5 0
116 8 0.5 0.5 0
9 115 0.5 0.5 0
115 9 0.5 0.5 0
10 114 0.5 0.5 0
114 10 0.5 0.5 0
11 113 0.5 0.5 0
113 11 0.5 0.5 0
12 112 0.5 0.5 0
112 12 0.5 0.5 0
13 111 0.5 0.5 0
111 13 0.5 0.5 0
14 110 0.5 0.5 0
110 14 0.5 0.5 0
15 109 0.5 0.5 0
109 15 0.5 0.5 0
16 108 0.5 0.5 0
108 16 0.5 0.5 0
17 107 0.5 0.5 0
107 17 0.5 0.5 0
18 106 0.5 0.5 0
106 18 0.5 0.5 0
19 105 0.5 0.5 0
105 19 0.5 0.5 0
20 104 0.5 0.5 0
104 20 0.5 0.5 0
21 103 0.5 0.5 0
103 21 0.5 0.5 0
22 102 0.5 0.5 0
102 22 0.5 0.5 0
23 101 0.5 0.5 0
101 23 0.5 0.5 0
24 100 0.5 0.5 0
100 24 0.5 0.5 0
75 149 0.5 0.5 0
149 75 0.5 0.5 0
76 148 0.5 0.5 0
148 76 0.5 0.5 0
77 147 0.5 0.5 0
147 77 0.5 0.5 0
78 146 0.5 0.5 0
146 78 0.5 0.5 0
79 145 0.5 0.5 0
145 79 0.5 0.5 0
80 144 0.5 0.5 0
144 80 0.5 0.5 0
81 143 0.5 0.5 0
143 81 0.5 0.5 0
82 142 0.5 0.5 0
142 82 0.5 0.5 0
83 141 0.5 0.5 0
141 83 0.5 0.5 0
84 140 0.5 0.5 0
140 84 0.5 0.5 0
85 139 0.5 0.5 0
139 85 0.5 0.5 0
86 138 0.5 0.5 0
138 86 0.5 0.5 0
87 137 0.5 0.5 0
137 87 0.5 0.5 0
88 136 0.5 0.5 0
136 88 0.5 0.5 0
89 135 0.5 0.5 0
135 89 0.5 0.5 0
90 134 0.5 0.5 0
134 90 0.5 0.5 0
91 133 0.5 0.5 0
133 91 0.5 0.5 0
92 132 0.5 0.5 0
132 92 0.5 0.5 0
93 131 0.5 0.5 0
131 93 0.5 0.5 0
94 130 0.5 0.5 0
130 94 0.5 0.5 0
95 129 0.5 0.5 0
129 95 0.5 0.5 0
96 128 0.5 0.5 0
128 96 0.5 0.5 0
97 127 0.5 0.5 0
127 97 0.5 0.5 0
98 126 0.5 0.5 0
126 98 0.5 0.5 0
99 125 0.5 0.5 0
125 99 0.5 0.5 0
150 274 0.5 0.5 0
274 150 0.5 0.5 0
151 273 0.5 0.5 0
273 151 0.5 0.5 0
152 272 0.5 0.5 0
272 152 0.5 0.5 0
153 271 0.5 0.5 0
271 153 0.5 0.5 0
154 270 0.5 0.5 0
270 154 0.5 0.5 0
155 269 0.5 0.5 0
269 155 0.5 0.5 0
156 268 0.5 0.5 0
268 156 0.5 0.5 0
157 267 0.5 0.5 0
267 157 0.5 0.5 0
158 266 0.5 0.5 0
266 158 0.5 0.5 0
159 265 0.5 0.5 0
265 159 0.5 0.5 0
160 264 0.5 0.5 0
264 160 0.5 0.5 0
161 263 0.5 0.5 0
263 161 0.5 0.5 0
162 262 0.5 0.5 0
262 162 0.5 0.5 0
163 261 0.5 0.5 0
261 163 0.5 0.5 0
164 260 0.5 0.5 0
260 164 0.5 0.5 0
165 259 0.5 0.5 0
259 165 0.5 0.5 0
166 258 0.5 0.5 0
258 166 0.5 0.5 0
167 257 0.5 0.5 0
257 167 0.5 0.5 0
168 256 0.5 0.5 0
256 168 0.5 0.5 0
169 255 0.5 0.5 0
255 169 0.5 0.5 0
170 254 0.5 0.5 0
254 170 0.5 0.5 0
171 253 0.5 0.5 0
253 171 0.5 0.5 0
172 252 0.5 0.5 0
252 172 0.5 0.5 0
173 251 0.5 0.5 0
251 173 0.5 0.5 0
174 250 0.5 0.5 0
250 174 0.5 0.5 0
225 299 0.5 0.5 0
299 225 0.5 0.5 0
226 298 0.5 0.5 0
298 226 0.5 0.5 0
227 297 0.5 0.5 0
297 227 0.5 0.5 0
228 296 0.5 0.5 0
296 228 0.5 0.5 0
229 295 0.5 0.5 0
295 229 0.5 0.5 0
230 294 0.5 0.5 0
294 230 0.5 0.5 0
231 293 0.5 0.5 0
293 231 0.5 0.5 0
232 292 0.5 0.5 0
292 232 0.5 0.5 0
233 291 0.5 0.5 0
291 233 0.5 0.5 0
234 290 0.5 0.5 0
290 234 0.5 0.5 0
235 289 0.5 0.5 0
289 235 0.5 0.5 0
236 288 0.5 0.5 0
288 236 0.5 0.5 0
237 287 0.5 0.5 0
287 237 0.5 0.5 0
238 286 0.5 0.5 0
286 238 0.5 0.5 0
239 285 0.5 0.5 0
285 239 0.5 0.5 0
240 284 0.5 0.5 0
284 240 0.5 0.5 0
241 283 0.5 0.5 0
283 241 0.5 0.5 0
242 282 0.5 0.5 0
282 242 0.5 0.5 0
243 281 0.5 0.5 0
281 243 0.5 0.5 0
244 280 0.5 0.5 0
280 244 0.5 0.5 0
245 279 0.5 0.5 0
279 245 0.5 0.5 0
246 278 0.5 0.5 0
278 246 0.5 0.5 0
247 277 0.5 0.5 0
277 247 0.5 0.5 0
248 276 0.5 0.5 0
276 248 0.5 0.5 0
249 275 0.5 0.5 0
275 249 0.5 0.5 0
