0 30.0 10.0 10.0 0.005 0.0 0.0 0.0 0.0
1 30.0 10.0 10.0 0.005 0.0 0.0 0.0 0.0
2 30.0 10.0 10.0 0.005 0.0 0.0 0.0 0.0
3 30.0 10.0 10.0 0.005 0.0 0.0 0.0 0.0
4 30.0 10.0 10.0 0.005 0.0 0.0 0.0 0.0
5 30.0 10.0 10.0 0.005 0.0 0.0 0.0 0.0
6 30.0 10.0 10.0 0.005 0.0 0.0 0.0 0.0
7 30.0 10.0 10.0 0.005 0.0 0.0 0.0 0.0
8 30.0 10.0 10.0 0.005 0.0 0.0 0.0 0.0
9 30.0 10.0 10.0 0.005 0.0 0.0 0.0 0.0
10 30.0 10.0 10.0 0.005 0.0 0.0 0.0 0.0
11 30.0 10.0 10.0 0.005 0.0 0.0 0.0 0.0
12 30.0 10.0 10.0 0.005 0.0 0.0 0.0 0.0
13 30.0 10.0 10.0 0.005 0.0 0.0 0.0 0.0
14 30.0 10.0 10.0 0.005 0.0 0.0 0.0 0.0
15 30.0 10.0 10.0 0.005 0.0 0.0 0.0 0.0
16 30.0 10.0 10.0 0.005 0.0 0.0 0.0 0.0
17 30.0 10.0 10.0 0.005 0.0 0.0 0.0 0.0
18 30.0 10.0 10.0 0.005 0.0 0.0 0.0 0.0
19 30.0 10.0 10.0 0.005 0.0 0.0 0.0 0.0
20 30.0 10.0 10.0 0.005 0.0 0.0 0.0 0.0
21 30.0 10.0 10.0 0.005 0.0 0.0 0.0 0.0
22 30.0 10.0 10.0 0.005 0.0 0.0 0.0 0.0
23 30.0 10.0 10.0 0.005 0.0 0.0 0.0 0.0
24 30.0 10.0 10.0 0.005 0.0 0.0 0.0 0.0
25 30.0 10.0 10.0 0.005 0.0 0.0 0.0 0.0
26 30.0 10.0 10.0 0.005 0.0 0.0 0.0 0.0
27 30.0 10.0 10.0 0.005 0.0 0.0 0.0 0.0
28 30.0 10.0 10.0 0.005 0.0 0.0 0.0 0.0
29 30.0 10.0 10.0 0.005 0.0 0.0 0.0 0.0
30 30.0 10.0 10.0 0.005 0.0 0.0 0.0 0.0
31 30.0 10.0 10.0 0.005 0.0 0.0 0.0 0.0
32 30.0 10.0 10.0 0.005 0.0 0.0 0.0 0.0
33 30.0 10.0 10.0 0.005 0.0 0.0 0.0 0.0
34 30.0 10.0 10.0 0.005 0.0 0.0 0.0 0.0
35 30.0 10.0 10.0 0.005 0.0 0.0 0.0 0.0
36 30.0 10.0 10.0 0.005 0.0 0.0 0.0 0.0
37 30.0 10.0 10.0 0.005 0.0 0.0 0.0 0.0
38 30.0 10.0 10.0 0.005 0.0 0.0 0.0 0.0
39 30.0 10.0 10.0 0.005 0.0 0.0 0.0 0.0
40 30.0 10.0 10.0 0.005 0.0 0.0 0.0 0.0
41 30.0 10.0 10.0 0.005 0.0 0.0 0.0 0.0
42 30.0 10.0 10.0 0.005 0.0 0.0 0.0 0.0
43 30.0 10.0 10.0 0.005 0.0 0.0 0.0 0.0
44 30.0 10.0 10.0 0.005 0.0 0.0 0.0 0.0
45 30.0 10.0 10.0 0.005 0.0 0.0 0.0 0.0
46 30.0 10.0 10.0 0.005 0.0 0.0 0.0 0.0
47 30.0 10.0 10.0 0.005 0.0 0.0 0.0 0.0
48 30.0 10.0 10.0 0.005 0.0 0.0 0.0 0.0
49 30.0 10.0 10.0 0.005 0.0 0.0 0.0 0.0
150 30.0 10.0 10.0 0.005 0.0 0.0 0.0 0.0
151 30.0 10.0 10.0 0.005 0.0 0.0 0.0 0.0
152 30.0 10.0 10.0 0.005 0.0 0.0 0.0 0.0
153 30.0 10.0 10.0 0.005 0.0 0.0 0.0 0.0
154 30.0 10.0 10.0 0.005 0.0 0.0 0.0 0.0
155 30.0 10.0 10.0 0.005 0.0 0.0 0.0 0.0
156 30.0 10.0 10.0 0.005 0.0 0.0 0.0 0.0
157 30.0 10.0 10.0 0.005 0.0 0.0 0.0 0.0
158 30.0 10.0 10.0 0.005 0.0 0.0 0.0 0.0
159 30.0 10.0 10.0 0.005 0.0 0.0 0.0 0.0
160 30.0 10.0 10.0 0.005 0.0 0.0 0.0 0.0
161 30.0 10.0 10.0 0.005 0.0 0.0 0.0 0.0
162 30.0 10.0 10.0 0.005 0.0 0.0 0.0 0.0
163 30.0 10.0 10.0 0.005 0.0 0.0 0.0 0.0
164 30.0 10.0 10.0 0.005 0.0 0.0 0.0 0.0
165 30.0 10.0 10.0 0.005 0.0 0.0 0.0 0.0
166 30.0 10.0 10.0 0.005 0.0 0.0 0.0 0.0
167 30.0 10.0 10.0 0.005 0.0 0.0 0.0 0.0
168 30.0 10.0 10.0 0.005 0.0 0.0 0.0 0.0
169 30.0 10.0 10.0 0.005 0.0 0.0 0.0 0.0
170 30.0 10.0 10.0 0.005 0.0 0.0 0.0 0.0
171 30.0 10.0 10.0 0.005 0.0 0.0 0.0 0.0
172 30.0 10.0 10.0 0.005 0.0 0.0 0.0 0.0
173 30.0 10.0 10.0 0.005 0.0 0.0 0.0 0.0
174 30.0 10.0 10.0 0.005 0.0 0.0 0.0 0.0
175 30.0 10.0 10.0 0.005 0.0 0.0 0.0 0.0
176 30.0 10.0 10.0 0.005 0.0 0.0 0.0 0.0
177 30.0 10.0 10.0 0.005 0.0 0.0 0.0 0.0
178 30.0 10.0 10.0 0.005 0.0 0.0 0.0 0.0
179 30.0 10.0 10.0 0.005 0.0 0.0 0.0 0.0
180 30.0 10.0 10.0 0.005 0.0 0.0 0.0 0.0
181 30.0 10.0 10.0 0.005 0.0 0.0 0.0 0.0
182 30.0 10.0 10.0 0.005 0.0 0.0 0.0 0.0
183 30.0 10.0 10.0 0.005 0.0 0.0 0.0 0.0
184 30.0 10.0 10.0 0.005 0.0 0.0 0.0 0.0
185 30.0 10.0 10.0 0.005 0.0 0.0 0.0 0.0
186 30.0 10.0 10.0 0.005 0.0 0.0 0.0 0.0
187 30.0 10.0 10.0 0.005 0.0 0.0 0.0 0.0
188 30.0 10.0 10.0 0.005 0.0 0.0 0.0 0.0
189 30.0 10.0 10.0 0.005 0.0 0.0 0.0 0.0
190 30.0 10.0 10.0 0.005 0.0 0.0 0.0 0.0
191 30.0 10.0 10.0 0.005 0.0 0.0 0.0 0.0
192 30.0 10.0 10.0 0.005 0.0 0.0 0.0 0.0
193 30.0 10.0 10.0 0.005 0.0 0.0 0.0 0.0
194 30.0 10.0 10.0 0.005 0.0 0.0 0.0 0.0
195 30.0 10.0 10.0 0.005 0.0 0.0 0.0 0.0
196 30.0 10.0 10.0 0.005 0.0 0.0 0.0 0.0
197 30.0 10.0 10.0 0.005 0.0 0.0 0.0 0.0
198 30.0 10.0 10.0 0.005 0.0 0.0 0.0 0.0
199 30.0 10.0 10.0 0.005 0.0 0.0 0.0 0.0
300 30.0 10.0 10.0 0.005 0.0 0.0 0.0 0.0
301 30.0 10.0 10.0 0.005 0.0 0.0 0.0 0.0
302 30.0 10.0 10.0 0.005 0.0 0.0 0.0 0.0
303 30.0 10.0 10.0 0.005 0.0 0.0 0.0 0.0
304 30.0 10.0 10.0 0.005 0.0 0.0 0.0 0.0
305 30.0 10.0 10.0 0.005 0.0 0.0 0.0 0.0
306 30.0 10.0 10.0 0.005 0.0 0.0 0.0 0.0
307 30.0 10.0 10.0 0.005 0.0 0.0 0.0 0.0
308 30.0 10.0 10.0 0.005 0.0 0.0 0.0 0.0
309 30.0 10.0 10.0 0.005 0.0 0.0 0.0 0.0
310 30.0 10.0 10.0 0.005 0.0 0.0 0.0 0.0
311 30.0 10.0 10.0 0.005 0.0 0.0 0.0 0.0
312 30.0 10.0 10.0 0.005 0.0 0.0 0.0 0.0
313 30.0 10.0 10.0 0.005 0.0 0.0 0.0 0.0
314 30.0 10.0 10.0 0.005 0.0 0.0 0.0 0.0
315 30.0 10.0 10.0 0.005 0.0 0.0 0.0 0.0
316 30.0 10.0 10.0 0.005 0.0 0.0 0.0 0.0
317 30.0 10.0 10.0 0.005 0.0 0.0 0.0 0.0
318 30.0 10.0 10.0 0.005 0.0 0.0 0.0 0.0
319 30.0 10.0 10.0 0.005 0.0 0.0 0.0 0.0
